2.000000000000000000e+01
4.400000000000000000e+01
5.300000000000000000e+01
7.700000000000000000e+01
7.800000000000000000e+01
1.120000000000000000e+02
1.560000000000000000e+02
1.580000000000000000e+02
1.930000000000000000e+02
2.270000000000000000e+02
2.920000000000000000e+02
3.260000000000000000e+02
3.670000000000000000e+02
4.020000000000000000e+02
4.280000000000000000e+02
4.420000000000000000e+02
4.460000000000000000e+02
5.200000000000000000e+02
6.120000000000000000e+02
6.630000000000000000e+02
6.720000000000000000e+02
6.750000000000000000e+02
6.770000000000000000e+02
7.260000000000000000e+02
7.700000000000000000e+02
7.800000000000000000e+02
8.470000000000000000e+02
8.570000000000000000e+02
8.630000000000000000e+02
9.440000000000000000e+02
1.006000000000000000e+03
1.094000000000000000e+03
1.104000000000000000e+03
1.130000000000000000e+03
1.163000000000000000e+03
1.210000000000000000e+03
1.247000000000000000e+03
1.325000000000000000e+03
1.350000000000000000e+03
1.373000000000000000e+03
1.428000000000000000e+03
1.461000000000000000e+03
1.492000000000000000e+03
1.534000000000000000e+03
1.537000000000000000e+03
1.597000000000000000e+03
1.629000000000000000e+03
1.809000000000000000e+03
1.825000000000000000e+03
1.977000000000000000e+03
2.089000000000000000e+03
2.092000000000000000e+03
2.142000000000000000e+03
2.145000000000000000e+03
2.149000000000000000e+03
2.270000000000000000e+03
2.280000000000000000e+03
2.339000000000000000e+03
2.435000000000000000e+03
2.451000000000000000e+03
2.478000000000000000e+03
2.508000000000000000e+03
2.626000000000000000e+03
2.642000000000000000e+03
2.661000000000000000e+03
2.715000000000000000e+03
2.731000000000000000e+03
2.807000000000000000e+03
2.828000000000000000e+03
2.884000000000000000e+03
2.911000000000000000e+03
2.946000000000000000e+03
3.024000000000000000e+03
3.073000000000000000e+03
3.083000000000000000e+03
3.161000000000000000e+03
3.174000000000000000e+03
3.206000000000000000e+03
3.275000000000000000e+03
3.290000000000000000e+03
3.354000000000000000e+03
3.425000000000000000e+03
3.427000000000000000e+03
3.429000000000000000e+03
3.444000000000000000e+03
3.469000000000000000e+03
3.497000000000000000e+03
3.506000000000000000e+03
3.521000000000000000e+03
3.537000000000000000e+03
3.566000000000000000e+03
3.580000000000000000e+03
3.587000000000000000e+03
3.588000000000000000e+03
3.625000000000000000e+03
3.644000000000000000e+03
3.702000000000000000e+03
3.809000000000000000e+03
3.834000000000000000e+03
3.914000000000000000e+03
3.971000000000000000e+03
3.993000000000000000e+03
4.056000000000000000e+03
4.060000000000000000e+03
4.078000000000000000e+03
4.118000000000000000e+03
4.136000000000000000e+03
4.208000000000000000e+03
4.209000000000000000e+03
4.213000000000000000e+03
4.254000000000000000e+03
4.255000000000000000e+03
4.288000000000000000e+03
4.299000000000000000e+03
4.379000000000000000e+03
4.380000000000000000e+03
4.397000000000000000e+03
4.425000000000000000e+03
4.464000000000000000e+03
4.479000000000000000e+03
4.551000000000000000e+03
4.582000000000000000e+03
4.609000000000000000e+03
4.619000000000000000e+03
4.674000000000000000e+03
4.704000000000000000e+03
4.705000000000000000e+03
4.718000000000000000e+03
4.722000000000000000e+03
4.746000000000000000e+03
4.768000000000000000e+03
4.808000000000000000e+03
4.892000000000000000e+03
4.913000000000000000e+03
4.987000000000000000e+03
4.999000000000000000e+03
5.002000000000000000e+03
5.014000000000000000e+03
5.021000000000000000e+03
5.023000000000000000e+03
5.024000000000000000e+03
5.042000000000000000e+03
5.046000000000000000e+03
5.094000000000000000e+03
5.105000000000000000e+03
5.184000000000000000e+03
5.266000000000000000e+03
5.311000000000000000e+03
5.324000000000000000e+03
5.338000000000000000e+03
5.353000000000000000e+03
5.363000000000000000e+03
5.368000000000000000e+03
5.386000000000000000e+03
5.392000000000000000e+03
5.395000000000000000e+03
5.426000000000000000e+03
5.427000000000000000e+03
5.560000000000000000e+03
5.592000000000000000e+03
5.656000000000000000e+03
5.657000000000000000e+03
5.689000000000000000e+03
5.753000000000000000e+03
5.764000000000000000e+03
5.768000000000000000e+03
5.770000000000000000e+03
5.782000000000000000e+03
5.796000000000000000e+03
5.911000000000000000e+03
5.936000000000000000e+03
5.963000000000000000e+03
5.964000000000000000e+03
5.971000000000000000e+03
5.997000000000000000e+03
6.042000000000000000e+03
6.048000000000000000e+03
6.126000000000000000e+03
6.128000000000000000e+03
6.129000000000000000e+03
6.130000000000000000e+03
6.131000000000000000e+03
6.136000000000000000e+03
6.292000000000000000e+03
6.343000000000000000e+03
6.406000000000000000e+03
6.413000000000000000e+03
6.418000000000000000e+03
6.487000000000000000e+03
6.622000000000000000e+03
6.641000000000000000e+03
6.700000000000000000e+03
6.709000000000000000e+03
6.766000000000000000e+03
6.851000000000000000e+03
6.917000000000000000e+03
6.952000000000000000e+03
6.991000000000000000e+03
7.008000000000000000e+03
7.016000000000000000e+03
7.033000000000000000e+03
7.208000000000000000e+03
7.310000000000000000e+03
7.312000000000000000e+03
7.322000000000000000e+03
7.361000000000000000e+03
7.367000000000000000e+03
7.379000000000000000e+03
7.426000000000000000e+03
7.431000000000000000e+03
7.455000000000000000e+03
7.486000000000000000e+03
7.509000000000000000e+03
7.511000000000000000e+03
7.517000000000000000e+03
7.518000000000000000e+03
7.547000000000000000e+03
7.669000000000000000e+03
7.671000000000000000e+03
7.697000000000000000e+03
7.701000000000000000e+03
7.702000000000000000e+03
7.731000000000000000e+03
7.755000000000000000e+03
7.878000000000000000e+03
7.901000000000000000e+03
7.915000000000000000e+03
7.930000000000000000e+03
7.934000000000000000e+03
7.964000000000000000e+03
7.999000000000000000e+03
8.008000000000000000e+03
8.015000000000000000e+03
8.051000000000000000e+03
8.076000000000000000e+03
8.283000000000000000e+03
8.309000000000000000e+03
8.311000000000000000e+03
8.328000000000000000e+03
8.408000000000000000e+03
8.513000000000000000e+03
8.579000000000000000e+03
8.586000000000000000e+03
8.600000000000000000e+03
8.671000000000000000e+03
8.718000000000000000e+03
8.869000000000000000e+03
9.001000000000000000e+03
9.024000000000000000e+03
9.127000000000000000e+03
9.239000000000000000e+03
9.257000000000000000e+03
9.305000000000000000e+03
9.320000000000000000e+03
9.340000000000000000e+03
9.587000000000000000e+03
9.615000000000000000e+03
9.977000000000000000e+03
1.001500000000000000e+04
1.002800000000000000e+04
1.006100000000000000e+04
1.006500000000000000e+04
1.007700000000000000e+04
1.012800000000000000e+04
1.028200000000000000e+04
1.032200000000000000e+04
1.032900000000000000e+04
1.033100000000000000e+04
1.044400000000000000e+04
1.045200000000000000e+04
1.045800000000000000e+04
1.052700000000000000e+04
1.071000000000000000e+04
1.094700000000000000e+04
1.105900000000000000e+04
1.120700000000000000e+04
1.178700000000000000e+04
1.185100000000000000e+04
1.197700000000000000e+04
1.211400000000000000e+04
1.213300000000000000e+04
1.235700000000000000e+04
1.236000000000000000e+04
1.236100000000000000e+04
1.241000000000000000e+04
1.244400000000000000e+04
1.248100000000000000e+04
1.269900000000000000e+04
1.271400000000000000e+04
1.278500000000000000e+04
1.286700000000000000e+04
1.289400000000000000e+04
1.293700000000000000e+04
1.294200000000000000e+04
1.296400000000000000e+04
1.303500000000000000e+04
1.330700000000000000e+04
1.333400000000000000e+04
